pcode  1: |
pcode  2: |  0 |  0 |  0 | 1807153392 |
pcode  3: |  0 |  0 |  0 | 1807153392 |  1 |
pcode  4: |  0 |  0 |  0 |  1 |
pcode  5: |  0 |  0 |  0 |  1 |
pcode  6: |  0 |  0 |  0 |  1 |  1 |  1 | 32708 |
pcode  7: |  0 |  0 |  0 |  1 |  1 |  1 | 32708 |  1 |
pcode  8: |  0 |  0 |  0 |  1 |  1 |  1 | 32708 |  1 |  1 |
pcode  9: |  0 |  0 |  0 |  1 |  1 |  1 | 32708 |  2 |
pcode 10: |  0 |  0 |  0 |  2 |  1 |  1 | 32708 |
pcode 11: |  0 |  0 |  0 |  2 |
pcode 12: |  0 |  0 |  0 |  2 |  2 |
pcode 13: |  0 |  0 |  0 |  2 |  2 |  3 |
pcode 14: |  0 |  0 |  0 |  2 |  1 |
pcode  4: |  0 |  0 |  0 |  2 |
pcode  5: |  0 |  0 |  0 |  2 |
pcode  6: |  0 |  0 |  0 |  2 |  1 |  1 | 32708 |
pcode  7: |  0 |  0 |  0 |  2 |  1 |  1 | 32708 |  2 |
pcode  8: |  0 |  0 |  0 |  2 |  1 |  1 | 32708 |  2 |  1 |
pcode  9: |  0 |  0 |  0 |  2 |  1 |  1 | 32708 |  3 |
pcode 10: |  0 |  0 |  0 |  3 |  1 |  1 | 32708 |
pcode 11: |  0 |  0 |  0 |  3 |
pcode 12: |  0 |  0 |  0 |  3 |  3 |
pcode 13: |  0 |  0 |  0 |  3 |  3 |  3 |
pcode 14: |  0 |  0 |  0 |  3 |  0 |
pcode 15: |  0 |  0 |  0 |  3 |
pcode 16: |  0 |  0 |  0 |  3 |  3 |
pcode 17: |  0 |  0 |  0 |  3 |
pcode 18: |  0 |  0 |  0 |  3 |
pcode 19: |  0 |  0 |  0 |  3 |
pcode 20: |  0 |  0 |  0 |  3 |  1 |  1 | 32708 |
pcode 21: |  0 |  0 |  0 |  3 |  1 |  1 | 32708 |  3 |
pcode 22: |  0 |  0 |  0 |  3 |  1 |  1 | 32708 |  3 |  1 |
pcode 23: |  0 |  0 |  0 |  3 |  1 |  1 | 32708 |  2 |
pcode 24: |  0 |  0 |  0 |  2 |  1 |  1 | 32708 |
pcode 25: |  0 |  0 |  0 |  2 |
pcode 26: |  0 |  0 |  0 |  2 |  2 |
pcode 27: |  0 |  0 |  0 |  2 |  2 |  1 |
pcode 28: |  0 |  0 |  0 |  2 |  0 |
pcode 18: |  0 |  0 |  0 |  2 |
pcode 19: |  0 |  0 |  0 |  2 |
pcode 20: |  0 |  0 |  0 |  2 |  1 |  1 | 32708 |
pcode 21: |  0 |  0 |  0 |  2 |  1 |  1 | 32708 |  2 |
pcode 22: |  0 |  0 |  0 |  2 |  1 |  1 | 32708 |  2 |  1 |
pcode 23: |  0 |  0 |  0 |  2 |  1 |  1 | 32708 |  1 |
pcode 24: |  0 |  0 |  0 |  1 |  1 |  1 | 32708 |
pcode 25: |  0 |  0 |  0 |  1 |
pcode 26: |  0 |  0 |  0 |  1 |  1 |
pcode 27: |  0 |  0 |  0 |  1 |  1 |  1 |
pcode 28: |  0 |  0 |  0 |  1 |  1 |
pcode 29: |  0 |  0 |  0 |  1 |
pcode 30: |  0 |  0 |  0 |  1 |  1 |
pcode 31: |  0 |  0 |  0 |  1 |
pcode 32: |  0 |  0 |  0 |  1 |
pcode 33: |  0 |  0 |  0 |  1 |  0 |
pcode 34: |  0 |  0 |  0 |  0 |
pcode 35: |  0 |  0 |  0 |  0 |  0 |
pcode 36: |  0 |  0 |  0 |  0 |  0 |  2 |
pcode 37: |  0 |  0 |  0 |  0 |  1 |
pcode 44: |  0 |  0 |  0 |  0 |
pcode 45: |  0 |  0 |  0 |  0 |
pcode 46: |  0 |  0 |  0 |  0 |  1 |  1 | 32708 |  1 |
pcode 47: |  0 |  0 |  0 |  0 |  1 |  1 | 32708 |  1 |  0 |
pcode 48: |  0 |  0 |  0 |  0 |  1 |  1 | 32708 |  0 |
pcode 49: |  0 |  0 |  0 |  0 |  1 |  1 | 32708 |  0 |  0 |
pcode 50: |  0 |  0 |  0 |  0 |  1 |  1 | 32708 |  0 |
pcode 51: |  0 |  0 |  0 |  0 |  1 |  1 | 32708 |  0 |  0 |
pcode 52: |  0 |  0 |  0 |  0 |  1 |  1 | 32708 |  0 |  0 |  3 |
pcode 53: |  0 |  0 |  0 |  0 |  1 |  1 | 32708 |  0 |  1 |
pcode 60: |  0 |  0 |  0 |  0 |  1 |  1 | 32708 |  0 |
pcode 61: |  0 |  0 |  0 |  0 |  1 |  1 | 32708 |  0 |
pcode 62: |  0 |  0 |  0 |  0 |  1 |  1 | 32708 |  0 |  5 |  5 |  0 |
pcode 63: |  0 |  0 |  0 |  0 |  1 |  1 | 32708 |  0 |  5 |  5 |  0 |  0 |
pcode 64: |  0 |  0 |  0 |  0 |  1 |  1 | 32708 |  0 |  5 |  5 |  0 |
pcode 65: |  0 |  0 |  0 |  0 |  1 |  1 | 32708 |  0 |  5 |  5 |  0 |
pcode 66: |  0 |  0 |  0 |  0 |  1 |  1 | 32708 |  0 |
pcode 55: |  0 |  0 |  0 |  0 |  1 |  1 | 32708 |  0 |
pcode 56: |  0 |  0 |  0 |  0 |  1 |  1 | 32708 |  0 |  0 |
pcode 57: |  0 |  0 |  0 |  0 |  1 |  1 | 32708 |  0 |  0 |  1 |
pcode 58: |  0 |  0 |  0 |  0 |  1 |  1 | 32708 |  0 |  1 |
pcode 59: |  0 |  0 |  0 |  0 |  1 |  1 | 32708 |  1 |
pcode 50: |  0 |  0 |  0 |  0 |  1 |  1 | 32708 |  1 |
pcode 51: |  0 |  0 |  0 |  0 |  1 |  1 | 32708 |  1 |  1 |
pcode 52: |  0 |  0 |  0 |  0 |  1 |  1 | 32708 |  1 |  1 |  3 |
pcode 53: |  0 |  0 |  0 |  0 |  1 |  1 | 32708 |  1 |  1 |
pcode 60: |  0 |  0 |  0 |  0 |  1 |  1 | 32708 |  1 |
pcode 61: |  0 |  0 |  0 |  0 |  1 |  1 | 32708 |  1 |
pcode 62: |  0 |  0 |  0 |  0 |  1 |  1 | 32708 |  1 |  5 |  5 |  0 |
pcode 63: |  0 |  0 |  0 |  0 |  1 |  1 | 32708 |  1 |  5 |  5 |  0 |  1 |
pcode 64: |  0 |  0 |  0 |  0 |  1 |  1 | 32708 |  1 |  5 |  5 |  0 |
pcode 65: |  0 |  0 |  0 |  0 |  1 |  1 | 32708 |  1 |  5 |  5 |  0 |
pcode 66: |  0 |  0 |  0 |  0 |  1 |  1 | 32708 |  1 |
pcode 55: |  0 |  0 |  0 |  0 |  1 |  1 | 32708 |  1 |
pcode 56: |  0 |  0 |  0 |  0 |  1 |  1 | 32708 |  1 |  1 |
pcode 57: |  0 |  0 |  0 |  0 |  1 |  1 | 32708 |  1 |  1 |  1 |
pcode 58: |  0 |  0 |  0 |  0 |  1 |  1 | 32708 |  1 |  2 |
pcode 59: |  0 |  0 |  0 |  0 |  1 |  1 | 32708 |  2 |
pcode 50: |  0 |  0 |  0 |  0 |  1 |  1 | 32708 |  2 |
pcode 51: |  0 |  0 |  0 |  0 |  1 |  1 | 32708 |  2 |  2 |
pcode 52: |  0 |  0 |  0 |  0 |  1 |  1 | 32708 |  2 |  2 |  3 |
pcode 53: |  0 |  0 |  0 |  0 |  1 |  1 | 32708 |  2 |  1 |
pcode 60: |  0 |  0 |  0 |  0 |  1 |  1 | 32708 |  2 |
pcode 61: |  0 |  0 |  0 |  0 |  1 |  1 | 32708 |  2 |
pcode 62: |  0 |  0 |  0 |  0 |  1 |  1 | 32708 |  2 |  5 |  5 |  0 |
pcode 63: |  0 |  0 |  0 |  0 |  1 |  1 | 32708 |  2 |  5 |  5 |  0 |  2 |
pcode 64: |  0 |  0 |  0 |  0 |  1 |  1 | 32708 |  2 |  5 |  5 |  0 |
pcode 65: |  0 |  0 |  0 |  0 |  1 |  1 | 32708 |  2 |  5 |  5 |  0 |
pcode 66: |  0 |  0 |  0 |  0 |  1 |  1 | 32708 |  2 |
pcode 55: |  0 |  0 |  0 |  0 |  1 |  1 | 32708 |  2 |
pcode 56: |  0 |  0 |  0 |  0 |  1 |  1 | 32708 |  2 |  2 |
pcode 57: |  0 |  0 |  0 |  0 |  1 |  1 | 32708 |  2 |  2 |  1 |
pcode 58: |  0 |  0 |  0 |  0 |  1 |  1 | 32708 |  2 |  3 |
pcode 59: |  0 |  0 |  0 |  0 |  1 |  1 | 32708 |  3 |
pcode 50: |  0 |  0 |  0 |  0 |  1 |  1 | 32708 |  3 |
pcode 51: |  0 |  0 |  0 |  0 |  1 |  1 | 32708 |  3 |  3 |
pcode 52: |  0 |  0 |  0 |  0 |  1 |  1 | 32708 |  3 |  3 |  3 |
pcode 53: |  0 |  0 |  0 |  0 |  1 |  1 | 32708 |  3 |  0 |
pcode 54: |  0 |  0 |  0 |  0 |  1 |  1 | 32708 |  3 |
pcode 67: |  0 |  0 |  0 |  0 |  1 |  1 | 32708 |  3 |
pcode 68: |  0 |  0 |  0 |  0 |
pcode 39: |  0 |  0 |  0 |  0 |
pcode 40: |  0 |  0 |  0 |  0 |  0 |
pcode 41: |  0 |  0 |  0 |  0 |  0 |  1 |
pcode 42: |  0 |  0 |  0 |  0 |  1 |
pcode 43: |  0 |  0 |  0 |  1 |
pcode 34: |  0 |  0 |  0 |  1 |
pcode 35: |  0 |  0 |  0 |  1 |  1 |
pcode 36: |  0 |  0 |  0 |  1 |  1 |  2 |
pcode 37: |  0 |  0 |  0 |  1 |  1 |
pcode 44: |  0 |  0 |  0 |  1 |
pcode 45: |  0 |  0 |  0 |  1 |
pcode 46: |  0 |  0 |  0 |  1 |  1 |  1 | 32708 |  3 |
pcode 47: |  0 |  0 |  0 |  1 |  1 |  1 | 32708 |  3 |  0 |
pcode 48: |  0 |  0 |  0 |  1 |  1 |  1 | 32708 |  0 |
pcode 49: |  0 |  0 |  0 |  1 |  1 |  1 | 32708 |  0 |  0 |
pcode 50: |  0 |  0 |  0 |  1 |  1 |  1 | 32708 |  0 |
pcode 51: |  0 |  0 |  0 |  1 |  1 |  1 | 32708 |  0 |  0 |
pcode 52: |  0 |  0 |  0 |  1 |  1 |  1 | 32708 |  0 |  0 |  3 |
pcode 53: |  0 |  0 |  0 |  1 |  1 |  1 | 32708 |  0 |  1 |
pcode 60: |  0 |  0 |  0 |  1 |  1 |  1 | 32708 |  0 |
pcode 61: |  0 |  0 |  0 |  1 |  1 |  1 | 32708 |  0 |
pcode 62: |  0 |  0 |  0 |  1 |  1 |  1 | 32708 |  0 |  5 |  5 |  0 |
pcode 63: |  0 |  0 |  0 |  1 |  1 |  1 | 32708 |  0 |  5 |  5 |  0 |  0 |
pcode 64: |  0 |  0 |  0 |  1 |  1 |  1 | 32708 |  0 |  5 |  5 |  0 |
pcode 65: |  0 |  0 |  0 |  1 |  1 |  1 | 32708 |  0 |  5 |  5 |  0 |
pcode 66: |  0 |  0 |  0 |  1 |  1 |  1 | 32708 |  0 |
pcode 55: |  0 |  0 |  0 |  1 |  1 |  1 | 32708 |  0 |
pcode 56: |  0 |  0 |  0 |  1 |  1 |  1 | 32708 |  0 |  0 |
pcode 57: |  0 |  0 |  0 |  1 |  1 |  1 | 32708 |  0 |  0 |  1 |
pcode 58: |  0 |  0 |  0 |  1 |  1 |  1 | 32708 |  0 |  1 |
pcode 59: |  0 |  0 |  0 |  1 |  1 |  1 | 32708 |  1 |
pcode 50: |  0 |  0 |  0 |  1 |  1 |  1 | 32708 |  1 |
pcode 51: |  0 |  0 |  0 |  1 |  1 |  1 | 32708 |  1 |  1 |
pcode 52: |  0 |  0 |  0 |  1 |  1 |  1 | 32708 |  1 |  1 |  3 |
pcode 53: |  0 |  0 |  0 |  1 |  1 |  1 | 32708 |  1 |  1 |
pcode 60: |  0 |  0 |  0 |  1 |  1 |  1 | 32708 |  1 |
pcode 61: |  0 |  0 |  0 |  1 |  1 |  1 | 32708 |  1 |
pcode 62: |  0 |  0 |  0 |  1 |  1 |  1 | 32708 |  1 |  5 |  5 |  0 |
pcode 63: |  0 |  0 |  0 |  1 |  1 |  1 | 32708 |  1 |  5 |  5 |  0 |  1 |
pcode 64: |  0 |  0 |  0 |  1 |  1 |  1 | 32708 |  1 |  5 |  5 |  0 |
pcode 65: |  0 |  0 |  0 |  1 |  1 |  1 | 32708 |  1 |  5 |  5 |  0 |
pcode 66: |  0 |  0 |  0 |  1 |  1 |  1 | 32708 |  1 |
pcode 55: |  0 |  0 |  0 |  1 |  1 |  1 | 32708 |  1 |
pcode 56: |  0 |  0 |  0 |  1 |  1 |  1 | 32708 |  1 |  1 |
pcode 57: |  0 |  0 |  0 |  1 |  1 |  1 | 32708 |  1 |  1 |  1 |
pcode 58: |  0 |  0 |  0 |  1 |  1 |  1 | 32708 |  1 |  2 |
pcode 59: |  0 |  0 |  0 |  1 |  1 |  1 | 32708 |  2 |
pcode 50: |  0 |  0 |  0 |  1 |  1 |  1 | 32708 |  2 |
pcode 51: |  0 |  0 |  0 |  1 |  1 |  1 | 32708 |  2 |  2 |
pcode 52: |  0 |  0 |  0 |  1 |  1 |  1 | 32708 |  2 |  2 |  3 |
pcode 53: |  0 |  0 |  0 |  1 |  1 |  1 | 32708 |  2 |  1 |
pcode 60: |  0 |  0 |  0 |  1 |  1 |  1 | 32708 |  2 |
pcode 61: |  0 |  0 |  0 |  1 |  1 |  1 | 32708 |  2 |
pcode 62: |  0 |  0 |  0 |  1 |  1 |  1 | 32708 |  2 |  5 |  5 |  0 |
pcode 63: |  0 |  0 |  0 |  1 |  1 |  1 | 32708 |  2 |  5 |  5 |  0 |  2 |
pcode 64: |  0 |  0 |  0 |  1 |  1 |  1 | 32708 |  2 |  5 |  5 |  0 |
pcode 65: |  0 |  0 |  0 |  1 |  1 |  1 | 32708 |  2 |  5 |  5 |  0 |
pcode 66: |  0 |  0 |  0 |  1 |  1 |  1 | 32708 |  2 |
pcode 55: |  0 |  0 |  0 |  1 |  1 |  1 | 32708 |  2 |
pcode 56: |  0 |  0 |  0 |  1 |  1 |  1 | 32708 |  2 |  2 |
pcode 57: |  0 |  0 |  0 |  1 |  1 |  1 | 32708 |  2 |  2 |  1 |
pcode 58: |  0 |  0 |  0 |  1 |  1 |  1 | 32708 |  2 |  3 |
pcode 59: |  0 |  0 |  0 |  1 |  1 |  1 | 32708 |  3 |
pcode 50: |  0 |  0 |  0 |  1 |  1 |  1 | 32708 |  3 |
pcode 51: |  0 |  0 |  0 |  1 |  1 |  1 | 32708 |  3 |  3 |
pcode 52: |  0 |  0 |  0 |  1 |  1 |  1 | 32708 |  3 |  3 |  3 |
pcode 53: |  0 |  0 |  0 |  1 |  1 |  1 | 32708 |  3 |  0 |
pcode 54: |  0 |  0 |  0 |  1 |  1 |  1 | 32708 |  3 |
pcode 67: |  0 |  0 |  0 |  1 |  1 |  1 | 32708 |  3 |
pcode 68: |  0 |  0 |  0 |  1 |
pcode 39: |  0 |  0 |  0 |  1 |
pcode 40: |  0 |  0 |  0 |  1 |  1 |
pcode 41: |  0 |  0 |  0 |  1 |  1 |  1 |
pcode 42: |  0 |  0 |  0 |  1 |  2 |
pcode 43: |  0 |  0 |  0 |  2 |
pcode 34: |  0 |  0 |  0 |  2 |
pcode 35: |  0 |  0 |  0 |  2 |  2 |
pcode 36: |  0 |  0 |  0 |  2 |  2 |  2 |
pcode 37: |  0 |  0 |  0 |  2 |  0 |
pcode 38: |  0 |  0 |  0 |  2 |
pcode 69: |  0 |  0 |  0 |  2 |
pcode  0: |
